614203000681
475.921898724259	0	319.235469156735
0	476.258464979275	241.437477650546
0	0	1
-0.0916227595442662	-0.214448411758772	0.0137790693026609	0.00383279028882655	0.277321789572718
1	0	0	0
0	1	0	0
0	0	1	0

616205004264
473.889579885416	0	320.201361629427
0	474.822700437555	247.221446353419
0	0	1
-0.0939394205003677	-0.143546116717797	0.00383279028882655	0.000658448770077186	0.135900167120180
0.00405491539222990	0.621909744384762	-0.783078460152733	246.851580084662
-0.618425590559880	0.616938288282677	0.486761254882522	-198.176177993467
0.785832792426510	0.482302090578312	0.387106623321922	259.164567931743

616205003711
476.780743788460	0	314.881413823957
0	478.898538750614	235.563184661693
0	0	1
-0.0944206920527364	-0.169736140885384	-0.00692225017652363	-0.00492324561176686	0.161608762894134
-0.999942850086209	0.00133807469432760	-0.0106318193780995	-50.9903758920986
-0.00974361491884955	0.299287383901278	0.954113192297296	-362.344498342401
0.00445901434080457	0.954162027670997	-0.299257200470997	480.408383627519

615203001586
469.754774577680	0	322.308750603039
0	471.616864912451	259.456802787248
0	0	1
-0.0910119163178307	-0.00784473691950874	-0.00435434063540368	-0.00160198857533974	-0.0242836731244671
-0.00990119163178307	-0.636010817397275	0.771617724970701	-308.985948761119
0.643904023302099	0.586322137067610	0.491542103907932	-151.150316851313
-0.765042595299629	0.501714510679696	0.403724463357952	221.696803569662

