614203000681
606.635579947550	0	316.602164126512
0	607.341888482667	238.593892628323
0	0	1
0.0898055336660663	0.261835445592904	0	0	-1.49097134672124
0.999928902048150	-0.000891681276840125	-0.0118909946296346	24.0502019663130
0.000995564145507411	0.999961369216648	0.00873320825349603	0.124964008697321
0.0118827480329108	-0.00874442558818381	0.999891161737276	0.0346544282675744

616205004264
609.553693810730	0	328.801482360533
0	612.519998229766	243.951698565683
0	0	1
0.0834944986269952	0.301241196861823	-0.000619237469879718	0.00147073946019673	-1.54608910737220
0.999986483028315	0.00149057936765331	-0.00498115787848932	24.2129630736505
-0.00147811875155559	0.999995771824510	0.00250429592077849	0.103459574507830
0.00498486966910969	-0.00249689932741676	0.999984458163291	-0.126358189155013

616205003711
614.707949621165	0	316.031694768592
0	618.322349440013	227.758025739288
0	0	1
0.0881130000858465	0.328784709685320	-0.0100826915610691	-0.00610057723400575	-1.62535556117315
0.999477624105770	0.000364798661232802	-0.0323163400437398	24.2368976355592
0.000103427555138763	0.999895067313692	0.0144859816542609	-0.0888170054246343
0.0323182334700815	-0.0144817569266822	0.999372708503534	-0.386297372584732

615203001586
599.083012266586	0	315.522252801878
0	602.039203553994	255.392341551591
0	0	1
0.0300606270496592	0.755325837351522	0.000923931138970031	-0.000516941036980555	-2.74500625628272
0.999975535404351	0.00247301183202302	-0.00654314949095176	24.1050002936086
-0.00240485140250583	0.999942979825150	0.0104045080677731	-0.128140514845622
0.00656850687098170	-0.0103885182234602	0.999924463850448	0.184688233510281


